5
9
9
14
16
16
25
30
35
35
38
39
40
42
44
48
49
57
57
60
60
63
68
68
75
80
81
83
87
87
88
92
93
101
103
103
104
121
122
123
125
125
133
139
146
149
161
162
162
164
165
169
169
180
180
181
184
185
190
195
196
209
216
218
225
225
230
230
236
241
243
245
248
252
252
252
259
263
267
277
277
282
283
284
290
293
294
295
296
299
300
305
310
322
328
336
340
341
347
353
358
360
361
363
366
366
367
369
372
374
375
381
382
383
386
392
401
403
403
409
410
413
423
423
425
426
430
432
433
439
442
446
448
457
460
464
464
472
481
482
490
492
493
494
503
507
512
518
525
527
538
539
539
549
550
556
558
561
567
570
570
571
573
582
583
586
592
593
604
605
622
627
629
629
630
636
653
656
659
661
662
664
664
670
674
676
679
679
685
691
699
701
702
703
703
720
727
729
732
740
745
752
756
762
769
770
778
778
779
795
795
798
852
867
867
871
873
875
875
876
886
886
887
895
896
897
898
898
900
909
912
919
919
921
922
926
927
931
933
940
948
954
954
969
974
974
975
976
978
994
